6550.000000 5.03326e-05
6551.000000 5.08319e-05
6552.000000 5.13353e-05
6553.000000 5.18386e-05
6554.000000 5.23417e-05
6555.000000 5.28446e-05
6556.000000 5.33428e-05
6557.000000 5.38453e-05
6558.000000 5.43477e-05
6559.000000 5.48499e-05
6560.000000 5.53519e-05
6561.000000 5.5849e-05
6562.000000 5.63506e-05
6563.000000 5.68521e-05
6564.000000 5.73534e-05
6565.000000 5.78545e-05
6566.000000 5.83555e-05
6567.000000 5.88512e-05
6568.000000 5.93518e-05
6569.000000 5.98522e-05
6570.000000 6.03525e-05
6571.000000 6.08525e-05
6572.000000 6.13471e-05
6573.000000 6.18467e-05
6574.000000 6.23462e-05
6575.000000 6.28455e-05
6576.000000 6.33447e-05
6577.000000 6.38382e-05
6578.000000 6.4337e-05
6579.000000 6.48356e-05
6580.000000 6.5334e-05
6581.000000 6.58322e-05
6582.000000 6.63246e-05
6583.000000 6.68224e-05
6584.000000 6.73201e-05
6585.000000 6.78176e-05
6586.000000 6.83149e-05
6587.000000 6.88061e-05
6588.000000 6.93031e-05
6589.000000 6.97999e-05
6590.000000 7.02965e-05
6591.000000 7.07929e-05
6592.000000 7.1283e-05
6593.000000 7.1779e-05
6594.000000 7.22748e-05
6595.000000 7.27705e-05
6596.000000 7.3266e-05
6597.000000 7.3755e-05
6598.000000 7.42501e-05
6599.000000 7.47451e-05
6600.000000 7.52399e-05
6601.000000 7.57344e-05
6602.000000 7.62223e-05
6603.000000 7.67164e-05
6604.000000 7.72104e-05
6605.000000 7.77043e-05
6606.000000 7.81912e-05
6607.000000 7.86847e-05
6608.000000 7.9178e-05
6609.000000 7.96711e-05
6610.000000 8.0164e-05
6611.000000 8.06498e-05
6612.000000 8.11424e-05
6613.000000 8.16347e-05
6614.000000 8.21269e-05
6615.000000 8.26189e-05
6616.000000 8.31036e-05
6617.000000 8.35953e-05
6618.000000 8.40867e-05
6619.000000 8.4578e-05
6620.000000 8.50692e-05
6621.000000 8.55528e-05
6622.000000 8.60435e-05
6623.000000 8.65341e-05
6624.000000 8.70245e-05
6625.000000 8.75147e-05
6626.000000 8.79972e-05
6627.000000 8.84871e-05
6628.000000 8.89768e-05
6629.000000 8.94663e-05
6630.000000 8.99556e-05
6631.000000 9.04335e-05
6632.000000 9.09189e-05
6633.000000 9.1404e-05
6634.000000 9.1889e-05
6635.000000 9.23737e-05
6636.000000 9.28503e-05
6637.000000 9.33346e-05
6638.000000 9.38187e-05
6639.000000 9.43026e-05
6640.000000 9.47781e-05
6641.000000 9.52615e-05
6642.000000 9.57447e-05
6643.000000 9.62276e-05
6644.000000 9.67103e-05
6645.000000 9.71845e-05
6646.000000 9.76668e-05
6647.000000 9.81489e-05
6648.000000 9.86307e-05
6649.000000 9.91124e-05
6650.000000 9.95853e-05
6651.000000 0.000100066
6651.836426 0.000100469
6652.000000 0.000101758
6652.836426 0.000108348
6653.000000 0.000110189
6653.836914 0.000119609
6654.000000 0.000122043
6654.836914 0.000134522
6655.000000 0.0001364
6655.837402 0.000146052
6656.000000 0.000148705
6656.837891 0.000162371
6657.000000 0.000165108
6657.837891 0.000179247
6658.000000 0.000181525
6658.838379 0.000193285
6659.000000 0.000198057
6659.838379 0.000222819
6660.000000 0.000226133
6660.838867 0.000243331
6661.000000 0.000247453
6661.838867 0.000268903
6662.000000 0.000273474
6662.839355 0.00029728
6663.000000 0.000302648
6663.839844 0.000330686
6664.000000 0.00033662
6664.839844 0.000367753
6665.000000 0.000373235
6665.840332 0.000401996
6666.000000 0.000410291
6666.840332 0.000453943
6667.000000 0.000460615
6667.840820 0.000495745
6668.000000 0.000505575
6668.840820 0.000557449
6669.000000 0.000567978
6669.841309 0.000623652
6670.000000 0.000635985
6670.841309 0.000701355
6671.000000 0.000714702
6671.841797 0.000785486
6672.000000 0.00080137
6672.841797 0.000885808
6673.000000 0.000904285
6673.842285 0.0010027
6674.000000 0.0010221
6674.842285 0.00112573
6675.000000 0.00114972
6675.842773 0.00127789
6676.000000 0.00130418
6676.843262 0.00144515
6677.000000 0.00147527
6677.843262 0.00163718
6678.000000 0.00167195
6678.843750 0.00185922
6679.000000 0.00190066
6679.843750 0.00212438
6680.000000 0.00216792
6680.844238 0.00240315
6681.000000 0.00245805
6681.844238 0.00275553
6682.000000 0.00281352
6682.844727 0.0031277
6683.000000 0.00320061
6683.844727 0.00359737
6684.000000 0.00368372
6684.845215 0.0041537
6685.000000 0.00426063
6685.845703 0.00484477
6686.000000 0.00495954
6686.845703 0.00558805
6687.000000 0.0057322
6687.846191 0.00652301
6688.000000 0.00668965
6688.846191 0.00760623
6689.000000 0.00780941
6689.846680 0.00892763
6690.000000 0.00915609
6690.846680 0.0104174
6691.000000 0.0106927
6691.847168 0.0122127
6692.000000 0.0125615
6692.847168 0.0144951
6693.000000 0.0148797
6693.847656 0.0170121
6694.000000 0.0174883
6694.847656 0.0201377
6695.000000 0.0206764
6695.848145 0.0236729
6696.000000 0.0243841
6696.848633 0.0283593
6697.000000 0.0292105
6697.848633 0.0339815
6698.000000 0.0350546
6698.849121 0.0410733
6699.000000 0.0423325
6699.849121 0.0494175
6700.000000 0.0509061
6700.849609 0.0592829
6701.000000 0.0611258
6701.849609 0.0715387
6702.000000 0.0736184
6702.850098 0.085372
6703.000000 0.0876895
6703.850098 0.100829
6704.000000 0.103454
6704.850586 0.118335
6705.000000 0.121306
6705.851074 0.138233
6706.000000 0.141119
6706.851074 0.157606
6707.000000 0.160559
6707.851562 0.177438
6708.000000 0.179996
6708.851562 0.194666
6709.000000 0.197207
6709.852051 0.211779
6710.000000 0.214004
6710.852051 0.226833
6711.000000 0.228476
6711.852539 0.237944
6712.000000 0.238987
6712.852539 0.245021
6713.000000 0.245552
6713.853027 0.248605
6714.000000 0.248746
6714.853516 0.249587
6715.000000 0.24939
6715.853516 0.248246
6716.000000 0.247849
6716.854004 0.245536
6717.000000 0.24504
6717.854004 0.24214
6718.000000 0.241549
6718.854492 0.23807
6719.000000 0.23751
6719.854492 0.234239
6720.000000 0.233649
6720.854980 0.230179
6721.000000 0.229679
6721.854980 0.226731
6722.000000 0.226325
6722.855469 0.223917
6723.000000 0.223525
6723.855469 0.221222
6724.000000 0.220875
6724.855957 0.218823
6725.000000 0.21858
6725.855957 0.21714
6726.000000 0.216994
6726.856445 0.216127
6727.000000 0.215961
6727.856934 0.214955
6728.000000 0.214923
6728.856934 0.214747
6729.000000 0.214727
6729.857422 0.21461
6730.000000 0.214688
6730.857422 0.21516
6731.000000 0.215262
6731.857910 0.215861
6732.000000 0.216027
6732.857910 0.217043
6733.000000 0.217135
6733.858398 0.217689
6734.000000 0.21795
6734.858887 0.219534
6735.000000 0.219704
6735.858887 0.22074
6736.000000 0.220968
6736.859375 0.222343
6737.000000 0.222605
6737.859375 0.224223
6738.000000 0.224534
6738.859863 0.226437
6739.000000 0.226706
6739.859863 0.228358
6740.000000 0.228636
6740.860352 0.230327
6741.000000 0.230566
6741.860352 0.232053
6742.000000 0.232356
6742.860840 0.234221
6743.000000 0.234508
6743.861328 0.236285
6744.000000 0.236517
6744.861328 0.237961
6745.000000 0.238191
6745.861816 0.239604
6746.000000 0.239863
6746.861816 0.241491
6747.000000 0.24168
6747.862305 0.242857
6748.000000 0.243084
6748.862305 0.244507
6749.000000 0.244667
6749.862793 0.245654
6750.000000 0.245713
6750.862793 0.246102
6751.000000 0.246333
6751.863281 0.247787
6752.000000 0.24788
6752.863281 0.248467
6753.000000 0.248616
6753.863770 0.249536
6754.000000 0.249549
6754.863770 0.249651
6755.000000 0.249709
6755.864258 0.250081
6756.000000 0.250189
6756.864746 0.250877
6757.000000 0.250938
6757.864746 0.251331
6758.000000 0.251329
6758.865234 0.251297
6759.000000 0.251233
6759.865234 0.250843
6760.000000 0.250886
6760.865723 0.251162
6761.000000 0.251119
6761.865723 0.250839
6762.000000 0.250818
6762.866211 0.250664
6763.000000 0.250639
6763.866699 0.250496
6764.000000 0.250438
6764.866699 0.250063
6765.000000 0.250072
6765.867188 0.250125
6766.000000 0.250061
6766.867188 0.24962
6767.000000 0.249561
6767.867676 0.249194
6768.000000 0.249184
6768.867676 0.249119
6769.000000 0.249053
6769.868164 0.248618
6770.000000 0.248584
6770.868164 0.248357
6771.000000 0.24833
6771.868652 0.248138
6772.000000 0.248043
6772.869141 0.247435
6773.000000 0.247449
6773.869141 0.247541
6774.000000 0.247477
6774.869629 0.247051
6775.000000 0.247012
6775.869629 0.24673
6776.000000 0.246692
6776.870117 0.246461
6777.000000 0.246406
6777.870117 0.246036
6778.000000 0.245998
6778.870605 0.245743
6779.000000 0.245742
6779.870605 0.245714
6780.000000 0.245697
6780.871094 0.245598
6781.000000 0.245497
6781.871094 0.244815
6782.000000 0.244864
6782.871582 0.245194
6783.000000 0.24514
6783.871582 0.244776
6784.000000 0.244773
6784.872070 0.244734
6785.000000 0.244733
6785.872559 0.244743
6786.000000 0.244725
6786.872559 0.244601
6787.000000 0.24463
6787.873047 0.244826
6788.000000 0.244796
6788.873047 0.244574
6789.000000 0.244589
6789.873535 0.244706
6790.000000 0.24465
6790.873535 0.244261
6791.000000 0.244306
6791.874023 0.244622
6792.000000 0.244591
6792.874512 0.244361
6793.000000 0.24437
6793.874512 0.244454
6794.000000 0.244456
6794.875000 0.244469
6795.000000 0.244472
6795.875000 0.244494
6796.000000 0.244387
6796.875488 0.24362
6797.000000 0.243578
6797.875488 0.243305
6798.000000 0.243273
6798.875977 0.243053
6799.000000 0.243044
6799.875977 0.242979
6800.000000 0.242891
6800.876465 0.242274
6801.000000 0.242171
6801.876465 0.241417
6802.000000 0.241286
6802.876953 0.240376
6803.000000 0.240247
6803.877441 0.239327
6804.000000 0.239228
6804.877441 0.238514
6805.000000 0.238367
6805.877930 0.2373
6806.000000 0.237046
6806.877930 0.235239
6807.000000 0.234996
6807.878418 0.233252
6808.000000 0.232975
6808.878418 0.230979
6809.000000 0.230658
6809.878906 0.22832
6810.000000 0.22797
6810.878906 0.225453
6811.000000 0.225082
6811.879395 0.222383
6812.000000 0.221834
6812.879395 0.217836
6813.000000 0.21732
6813.879883 0.213536
6814.000000 0.213013
6814.880371 0.2092
6815.000000 0.208551
6815.880371 0.203771
6816.000000 0.203042
6816.880859 0.197672
6817.000000 0.196897
6817.880859 0.191154
6818.000000 0.190281
6818.881348 0.183837
6819.000000 0.182877
6819.881348 0.175747
6820.000000 0.17477
6820.881836 0.167515
6821.000000 0.16653
6821.882324 0.159174
6822.000000 0.158034
6822.882324 0.14947
6823.000000 0.148379
6823.882812 0.140205
6824.000000 0.139077
6824.882812 0.130584
6825.000000 0.129526
6825.883301 0.121551
6826.000000 0.120404
6826.883301 0.111723
6827.000000 0.110718
6827.883789 0.103118
6828.000000 0.102028
6828.883789 0.0937434
6829.000000 0.092808
6829.884277 0.0856918
6830.000000 0.0847738
6830.884277 0.0777565
6831.000000 0.0768374
6831.884766 0.0698171
6832.000000 0.0689448
6832.884766 0.0622487
6833.000000 0.0614828
6833.885254 0.0556002
6834.000000 0.0549367
6834.885742 0.0498123
6835.000000 0.0491769
6835.885742 0.044256
6836.000000 0.0436862
6836.886230 0.0392678
6837.000000 0.038762
6837.886230 0.0348234
6838.000000 0.0343848
6838.886719 0.0309649
6839.000000 0.0305645
6839.886719 0.0274332
6840.000000 0.0270813
6840.887207 0.024326
6841.000000 0.0240077
6841.887695 0.0215033
6842.000000 0.0212386
6842.887695 0.0191452
6843.000000 0.0189008
6843.888184 0.0169697
6844.000000 0.0167477
6844.888184 0.0149847
6845.000000 0.0147835
6845.888672 0.0131852
6846.000000 0.0130139
6846.888672 0.0116456
6847.000000 0.0115
6847.889160 0.0103381
6848.000000 0.0102032
6848.889160 0.00912174
6849.000000 0.00900792
6849.889648 0.00809457
6850.000000 0.0079906
6850.890137 0.0071516
6851.000000 0.00706831
6851.890137 0.00639412
6852.000000 0.00631819
6852.890625 0.00570274
6853.000000 0.005635
6853.890625 0.00508353
6854.000000 0.00502171
6854.891113 0.00451814
6855.000000 0.00446835
6855.891113 0.00406062
6856.000000 0.00401482
6856.891602 0.0036402
6857.000000 0.00360062
6857.891602 0.00327514
6858.000000 0.00323504
6858.892090 0.00290511
6859.000000 0.00287172
6859.892090 0.00259555
6860.000000 0.00256524
6860.892578 0.00231481
6861.000000 0.00228995
6861.892578 0.00208341
6862.000000 0.00206102
6862.893066 0.00187494
6863.000000 0.00185405
6863.893555 0.00167933
6864.000000 0.00166183
6864.893555 0.00151509
6865.000000 0.00149931
6865.894043 0.00136678
6866.000000 0.00135258
6866.894043 0.00123277
6867.000000 0.00122099
6867.894531 0.00112154
6868.000000 0.00111123
6868.894531 0.00102386
6869.000000 0.00101349
6869.895020 0.000925432
6870.000000 0.000916993
6870.895508 0.000845017
6871.000000 0.000835719
6871.895508 0.000755989
6872.000000 0.000748599
6872.895996 0.000685294
6873.000000 0.000678669
6873.895996 0.000621606
6874.000000 0.000615739
6874.896484 0.000565181
6875.000000 0.00056023
6875.896484 0.000517316
6876.000000 0.000512531
6876.896973 0.000471117
6877.000000 0.000466608
6877.896973 0.000427353
6878.000000 0.000423537
6878.897461 0.000390302
6879.000000 0.000387355
6879.897461 0.00036154
6880.000000 0.000358264
6880.897949 0.000329604
6881.000000 0.00032673
6881.898438 0.000301431
6882.000000 0.000298597
6882.898438 0.000273537
6883.000000 0.000271575
6883.898926 0.000254197
6884.000000 0.000252242
6884.898926 0.000234883
6885.000000 0.000233203
6885.899414 0.000218254
6886.000000 0.000216098
6886.899414 0.000196818
6887.000000 0.000194986
6887.899902 0.000178585
6888.000000 0.000177269
6888.899902 0.000165452
6889.000000 0.000164325
6889.900391 0.000154196
6890.000000 0.000153021
6890.900391 0.000142409
6891.000000 0.000140944
6891.900879 0.000127679
6892.000000 0.000127014
6892.901367 0.000120977
6893.000000 0.000120026
6893.901367 0.000111341
6894.000000 0.000110418
6894.901855 0.000101976
6895.000000 0.000101083
6895.901855 9.28742e-05
6896.000000 9.22957e-05
6896.902344 8.69852e-05
6897.000000 8.628e-05
6897.902344 7.97653e-05
6898.000000 7.93211e-05
6898.902832 7.52155e-05
6899.000000 7.45405e-05
6899.903320 6.8262e-05
6900.000000 6.79766e-05
6900.903320 6.53156e-05
6901.000000 6.45673e-05
6901.903809 5.75732e-05
6902.000000 5.75326e-05
6903.000000 5.71109e-05
6904.000000 5.66844e-05
6905.000000 5.6263e-05
6906.000000 5.58418e-05
6907.000000 5.54207e-05
6908.000000 5.49951e-05
6909.000000 5.45744e-05
6910.000000 5.41539e-05
6911.000000 5.37289e-05
6912.000000 5.33087e-05
6913.000000 5.28888e-05
6914.000000 5.24689e-05
6915.000000 5.20448e-05
6916.000000 5.16253e-05
6917.000000 5.1206e-05
6918.000000 5.07868e-05
6919.000000 5.03635e-05
